210
1 21  23 *       
2 1 13  23 *      
3 2  4 *       
4 14  15 *       
5 4 6  15 *      
6 5 7  16 *      
7  6 *        
8 7 9  17 *      
9  18 *        
10 9  11 *       
11 10 12  20 *      
12 20  33 *       
13 2 3 24  25 *     
14 15  25 *       
15 5 14 26  27 *     
16 6 15  27 *      
17 18  29 *       
18 8 9 19 30  31 *    
19 10  31 *       
20 10 31 32  33 *     
21 1  22 *       
22 21 23  34 *      
23 1 22 24 34 35  46 *   
24  23 *        
25 13 14 24 26 35 36  37 *  
26 25  37 *       
27 15 16 26 28 38  39 *   
28 7  39 *       
29 17 28 30  40 *     
30 18  31 *       
31 18 19 20 30 32 42  51 *  
32  31 *        
33 12 20 32 42  43 *    
34 22 44  45 *      
35 23 46  47 *      
36 25  37 *       
37 25 26 38 48  49 *    
38 27 39  49 *      
39 27 28  40 *      
40 29 39  51 *      
41 31  53 *       
42 31 32 41 43 53 54  55 *  
43 33  42 *       
44 21  66 *       
45 44 46  56 *      
46 45 47 57  58 *     
47 35 36 46  59 *     
48  47 *        
49 38 48 50 61  62 *    
50 39  49 *       
51 31 39 40  50 *     
52  51 *        
53 41 42 52 54  63 *    
54  55 *        
55 42  43 *       
56 45 46 66  67 *     
57  58 *        
58 57  70 *       
59 47 58 60  70 *     
60 48 59  71 *      
61 49  60 *       
62 49 50 73  74 *     
63 52 74  75 *      
64 53 65  76 *      
65 55 64  78 *      
66 44 56 67  80 *     
67 56 66 68  80 *     
68 57 67 69  80 *     
69 68 70  82 *      
70 58 71  83 *      
71  72 *        
72 61 71 73  94 *     
73 62 72 74  95 *     
74 51 62 75  84 *     
75 63 74  85 *      
76 75 77  87 *      
77 78  87 *       
78 65  87 *       
79 66 80  89 *      
80 68 79 81 89 90  91 *   
81 68 80 82  91 *     
82 69 83  92 *      
83 70 82  93 *      
84 74 85  96 *      
85 75  84 *       
86 76 85 87  98 *     
87 78 88 98  99 *     
88 78 87  100 *      
89 79 90  101 *      
90 80  91 *       
91 80 81 90 92  102 *    
92 82 91  93 *      
93 83 92 94  109 *     
94 70 72 93 95 103  110 *   
95 73 96  103 *      
96 84 95 97 103 104  112 *   
97 85 96  98 *      
98 86 87 97 99 104 105  114 *  
99  98 *        
100 87 88 99 105  115 *    
101 89  102 *       
102  108 *        
103 94 95 110 111  112 *    
104 96 98 112  114 *     
105  114 *        
106 101  107 *       
107  122 *        
108 107  109 *       
109 94 108 110  125 *     
110 94 109  116 *      
111 103  110 *       
112 103 111 113  118 *     
113 112 114  119 *      
114 98 104 105 113 115 119 120  131 * 
115 100 105  131 *      
116 110 117  126 *      
117 112 116  126 *      
118  117 *        
119 113 118 120 128  129 *    
120 114 119  130 *      
121 106  133 *       
122 107 121  123 *      
123 108 109 122 124 133 134  135 *  
124 125  135 *       
125 124 126  137 *      
126 117 125 127  138 *     
127 126  128 *       
128 118 119 127 129 139  147 *   
129 130  148 *       
130 120 129 149  151 *     
131 114 115 130  151 *     
132 121  133 *       
133 123 132  140 *      
134 123 133 135  141 *     
135 123 124 142  143 *     
136 125 135 137  143 *     
137 138  145 *       
138 126 137  145 *      
139 126 127 128 146  147 *    
140 132 141  152 *      
141 133 134 140 142  153 *    
142 135  143 *       
143 135 136 142 144 154  155 *   
144 143 145  155 *      
145 137 138 139 144 146  156 *   
146 139  147 *       
147 128 139 146  148 *     
148 129 147 149  157 *     
149 130 148 150  157 *     
150  159 *        
151 131 150  160 *      
152 153  161 *       
153 141 154  162 *      
154 155  163 *       
155 143 144 154  164 *     
156 145 155  165 *      
157 148  168 *       
158 149  169 *       
159 158 160  170 *      
160  151 *        
161 162  180 *       
162 153 163 172  182 *     
163 154 162 164 172  183 *    
164 155 163  165 *      
165 155 166 173  174 *     
166 167  174 *       
167 147 157 168 174  175 *    
168 157 167  169 *      
169 170  178 *       
170 159 169 171  178 *     
171 160 170  179 *      
172 162 182  183 *      
173 163 165  185 *      
174 165 167 185 186  187 *    
175 167  176 *       
176 169 175 177  187 *     
177 169  178 *       
178 169 177 189  190 *     
179 178  190 *       
180 181  191 *       
181 182  192 *       
182 162 172 183  193 *     
183 173  182 *       
184 183  185 *       
185 165 173  195 *      
186 185  187 *       
187 174 175 176 188 197  198 *   
188 177 199  200 *      
189 178 188  200 *      
190 178 189  210 *      
191 192  201 *       
192 181 193  202 *      
193 192 194  203 *      
194 183 193  204 *      
195 183 184 194 196 204 205  206 *  
196 185 195 197  206 *     
197 198  206 *       
198 197 199  207 *      
199 198  208 *       
200 188 189  209 *      
201 191  202 *       
202 201  203 *       
203 193 202  204 *      
204 195 203  205 *      
205  206 *        
206 196  207 *       
207 206  208 *       
208 199  209 *       
209 200  208 *       
210 200  209 *
659
1 21    202.28 
1 23    296.36 
2 1    205.24 
2 13    132.29 
2 23    198.66 
3 2    115.42 
3 4     90.35 
4 14    108.24 
4 15    151.41 
5 4    122.50 
5 6     94.74 
5 15    102.08 
6 5     94.74 
6 7    116.85 
6 16    102.19 
7 6    116.85 
8 7    103.51 
8 9    106.30 
8 17    106.93 
9 18    130.84 
10 9     97.43 
10 11    120.79 
11 10    120.79 
11 12    101.07 
11 20     92.61 
12 20    133.91 
12 33    194.01 
13 2    132.29 
13 3    108.25 
13 24    101.07 
13 25    132.74 
14 15    106.12 
14 25     87.20 
15 5    102.08 
15 14    106.12 
15 26    107.06 
15 27    142.13 
16 6    102.19 
16 15     89.27 
16 27    111.76 
17 18    101.79 
17 29    108.15 
18 8    144.37 
18 9    130.84 
18 19    112.31 
18 30     89.98 
18 31    136.56 
19 10     75.28 
19 31    106.07 
20 10    142.07 
20 31    151.35 
20 32    120.00 
20 33    144.45 
21 1    202.28 
21 22    105.23 
22 21    105.23 
22 23    106.18 
22 34     90.09 
23 1    296.36 
23 22    106.18 
23 24    109.98 
23 34    131.55 
23 35    154.46 
23 46    228.96 
24 23    109.98 
25 13    132.74 
25 14     87.20 
25 24     86.35 
25 26    123.84 
25 35    147.95 
25 36    134.10 
25 37    157.44 
26 25    123.84 
26 37     86.38 
27 15    142.13 
27 16    111.76 
27 26    103.51 
27 28    112.54 
27 38    121.54 
27 39    149.93 
28 7    199.12 
28 39    107.11 
29 17    108.15 
29 28     94.89 
29 30     96.02 
29 40    109.61 
30 18     89.98 
30 31    115.62 
31 18    136.56 
31 19    106.07 
31 20    151.35 
31 30    115.62 
31 32    106.55 
31 42    143.68 
31 51    302.96 
32 31    106.55 
33 12    194.01 
33 20    144.45 
33 32     94.77 
33 42    131.59 
33 43    107.16 
34 22     90.09 
34 44    168.81 
34 45    117.47 
35 23    154.46 
35 46    161.12 
35 47    164.17 
36 25    134.10 
36 37    116.83 
37 25    157.44 
37 26     86.38 
37 38     96.33 
37 48    101.85 
37 49    149.52 
38 27    121.54 
38 39    117.57 
38 49     85.35 
39 27    149.93 
39 28    107.11 
39 40     88.85 
40 29    109.61 
40 39     88.85 
40 51     95.05 
41 31    128.33 
41 53     93.39 
42 31    143.68 
42 32     92.04 
42 41    102.31 
42 43    107.92 
42 53    162.71 
42 54    130.22 
42 55    170.52 
43 33    107.16 
43 42    107.92 
44 21    216.24 
44 66    222.20 
45 44    126.19 
45 46     85.62 
45 56    107.43 
46 45     85.62 
46 47    220.43 
46 57    110.22 
46 58    144.58 
47 35    164.17 
47 36    103.00 
47 46    220.43 
47 59    103.84 
48 47     81.29 
49 38     85.35 
49 48    127.09 
49 50     96.62 
49 61    114.69 
49 62    149.54 
50 39    105.75 
50 49     96.62 
51 31    302.96 
51 39    133.96 
51 40     95.05 
51 50     90.99 
52 51    116.41 
53 41     93.39 
53 42    162.71 
53 52    106.33 
53 54    109.06 
53 63    142.12 
54 55    115.68 
55 42    170.52 
55 43    128.85 
56 45    107.43 
56 46    137.13 
56 66    155.19 
56 67    101.00 
57 58    101.98 
58 57    101.98 
58 70    163.37 
59 47    103.84 
59 58    118.94 
59 60     96.09 
59 70    104.36 
60 48    118.32 
60 59     96.09 
60 71    119.92 
61 49    114.69 
61 60    107.02 
62 49    149.54 
62 50    102.97 
62 73    103.77 
62 74    148.72 
63 52     90.71 
63 74    154.43 
63 75    128.37 
64 53    110.00 
64 65    213.68 
64 76    101.97 
65 55     87.37 
65 64    213.68 
65 78    119.34 
66 44    222.20 
66 56    155.19 
66 67    117.12 
66 80    149.47 
67 56    101.00 
67 66    117.12 
67 68    107.58 
67 80    106.49 
68 57     89.32 
68 67    107.58 
68 69    103.55 
68 80    161.14 
69 68    103.55 
69 70     96.96 
69 82     80.57 
70 58    163.37 
70 71    101.38 
70 83     95.77 
71 72     88.00 
72 61    121.16 
72 71     88.00 
72 73    115.66 
72 94    211.28 
73 62    103.77 
73 72    115.66 
73 74    108.05 
73 95    247.91 
74 51    206.20 
74 62    148.72 
74 75    115.07 
74 84    104.34 
75 63    128.37 
75 74    115.07 
75 85     87.94 
76 75    101.11 
76 77    111.55 
76 87    142.10 
77 78     97.91 
77 87     99.15 
78 65    119.34 
78 87    129.45 
79 66     90.92 
79 80    107.12 
79 89    130.21 
80 68    161.14 
80 79    107.12 
80 81    112.15 
80 89    152.38 
80 90     85.01 
80 91    159.55 
81 68     79.63 
81 80    112.15 
81 82    108.25 
81 91    119.34 
82 69     80.57 
82 83    103.81 
82 92    114.45 
83 70     95.77 
83 82    103.81 
83 93    106.13 
84 74    104.34 
84 85     96.74 
84 96    118.85 
85 75     87.94 
85 84     96.74 
86 76     92.89 
86 85     99.46 
86 87    106.68 
86 98    125.28 
87 78    129.45 
87 88    105.06 
87 98    150.80 
87 99    126.08 
88 78     98.40 
88 87    105.06 
88 100    102.68 
89 79    130.21 
89 90     90.02 
89 101     87.77 
90 80     85.01 
90 91    107.84 
91 80    159.55 
91 81    119.34 
91 90    107.84 
91 92    111.50 
91 102     97.85 
92 82    114.45 
92 91    111.50 
92 93    104.52 
93 83    106.13 
93 92    104.52 
93 94    199.00 
93 109    217.26 
94 70    284.82 
94 72    211.28 
94 93    199.00 
94 95    107.24 
94 103    158.15 
94 110    193.86 
95 73    247.91 
95 96     97.70 
95 103    111.10 
96 84    118.85 
96 95     97.70 
96 97    108.16 
96 103    141.77 
96 104    145.20 
96 112    197.30 
97 85    118.82 
97 96    108.16 
97 98    105.43 
98 86    125.28 
98 87    150.80 
98 97    105.43 
98 99    119.22 
98 104    135.54 
98 105    142.04 
98 114    237.66 
99 98    119.22 
100 87    137.75 
100 88    102.68 
100 99     80.90 
100 105    151.92 
100 115    213.21 
101 89     87.77 
101 102    221.64 
102 108    115.80 
103 94    158.15 
103 95    111.10 
103 110    125.80 
103 111     89.59 
103 112    136.72 
104 96    145.20 
104 98    135.54 
104 112    146.49 
104 114    169.56 
105 114    157.01 
106 101    119.36 
106 107     96.01 
107 122    186.26 
108 107     97.61 
108 109    210.40 
109 94    309.76 
109 108    210.40 
109 110    209.62 
109 125    171.05 
110 94    193.86 
110 109    209.62 
110 116    113.99 
111 103     89.59 
111 110     89.67 
112 103    136.72 
112 111    127.81 
112 113     93.38 
112 118    105.63 
113 112     93.38 
113 114    114.60 
113 119    114.49 
114 98    237.66 
114 104    169.56 
114 105    157.01 
114 113    114.60 
114 115    203.57 
114 119    138.60 
114 120     95.34 
114 131    252.60 
115 100    213.21 
115 105    140.71 
115 131    201.70 
116 110    113.99 
116 117    101.04 
116 126     95.79 
117 112    166.18 
117 116    101.04 
117 126    129.85 
118 117    115.18 
119 113    114.49 
119 118    100.02 
119 120    104.92 
119 128    148.49 
119 129    109.18 
120 114     95.34 
120 119    104.92 
120 130    105.04 
121 106    214.74 
121 133    151.77 
122 107    186.26 
122 121    114.80 
122 123    107.72 
123 108    215.68 
123 109    299.85 
123 122    107.72 
123 124     89.34 
123 133    146.70 
123 134     82.64 
123 135    138.00 
124 125    110.31 
124 135     98.12 
125 124    110.31 
125 126    206.20 
125 137    166.69 
126 117    129.85 
126 125    206.20 
126 127    116.60 
126 138     94.92 
127 126    116.60 
127 128     95.69 
128 118    105.84 
128 119    148.49 
128 127     95.69 
128 129    104.05 
128 139    151.93 
128 147    219.51 
129 130    101.22 
129 148    215.28 
130 120    105.04 
130 129    101.22 
130 149    196.63 
130 151    298.08 
131 114    252.60 
131 115    201.70 
131 130    211.39 
131 151    220.40 
132 121     94.13 
132 133    100.24 
133 123    146.70 
133 132    100.24 
133 140    135.77 
134 123     82.64 
134 133    111.02 
134 135     92.28 
134 141    115.14 
135 123    138.00 
135 124     98.12 
135 142    108.65 
135 143    150.57 
136 125    119.04 
136 135    111.12 
136 137    138.11 
136 143     96.83 
137 138     77.36 
137 145    144.96 
138 126     94.92 
138 137     77.36 
138 145    118.17 
139 126    143.50 
139 127    110.92 
139 128    151.93 
139 146    109.24 
139 147    156.35 
140 132    112.22 
140 141    212.00 
140 152    109.52 
141 133    141.52 
141 134    115.14 
141 140    212.00 
141 142    106.19 
141 153     94.05 
142 135    108.65 
142 143    107.49 
143 135    150.57 
143 136     96.83 
143 142    107.49 
143 144    108.16 
143 154    124.49 
143 155    136.49 
144 143    108.16 
144 145    107.11 
144 155     95.34 
145 137    144.96 
145 138    118.17 
145 139    154.45 
145 144    107.11 
145 146    105.94 
145 156     96.90 
146 139    109.24 
146 147    109.61 
147 128    219.51 
147 139    156.35 
147 146    109.61 
147 148     92.52 
148 129    215.28 
148 147     92.52 
148 149    103.64 
148 157     84.24 
149 130    196.63 
149 148    103.64 
149 150    117.80 
149 157    142.13 
150 159    112.20 
151 131    220.40 
151 150    107.15 
151 160    112.13 
152 153    217.56 
152 161     98.41 
153 141     94.05 
153 154    207.19 
153 162    122.77 
154 155    109.94 
154 163    100.65 
155 143    136.49 
155 144     95.34 
155 154    109.94 
155 164    117.77 
156 145     96.90 
156 155    125.37 
156 165    118.72 
157 148     84.24 
157 168    122.46 
158 149    105.19 
158 169    138.64 
159 158     92.44 
159 160    101.08 
159 170    119.42 
160 151    112.13 
161 162    192.25 
161 180    207.06 
162 153    122.77 
162 163    210.02 
162 172    151.63 
162 182    180.50 
163 154    100.65 
163 162    210.02 
163 164    109.60 
163 172    123.34 
163 183    222.53 
164 155    117.77 
164 163    109.60 
164 165    107.20 
165 155    160.77 
165 166    104.00 
165 173    146.07 
165 174    152.40 
166 167    122.09 
166 174     98.03 
167 147    189.85 
167 157    124.08 
167 168    102.86 
167 174    155.17 
167 175    106.26 
168 157    122.46 
168 167    102.86 
168 169    107.18 
169 170     89.01 
169 178    148.83 
170 159    119.42 
170 169     89.01 
170 171    124.29 
170 178    103.94 
171 160    104.39 
171 170    124.29 
171 179    104.28 
172 162    151.63 
172 182    150.28 
172 183    167.18 
173 163    171.05 
173 165    146.07 
173 185    124.34 
174 165    152.40 
174 167    155.17 
174 185    144.39 
174 186    108.30 
174 187    170.98 
175 167    106.26 
175 176    116.09 
176 169    145.39 
176 175    116.09 
176 177    102.31 
176 187    158.45 
177 169     87.49 
177 178    119.00 
178 169    148.83 
178 177    119.00 
178 189     85.44 
178 190    126.37 
179 178     92.20 
179 190    106.17 
180 181    107.50 
180 191    106.72 
181 182    106.10 
181 192    130.49 
182 162    180.50 
182 172    150.28 
182 183    222.56 
182 193    120.00 
183 173    159.08 
183 182    222.56 
184 183     98.20 
184 185    113.60 
185 165    195.54 
185 173    124.34 
185 195    166.57 
186 185    104.78 
186 187    111.82 
187 174    170.98 
187 175    135.32 
187 176    158.45 
187 188    198.51 
187 197    146.39 
187 198     95.61 
188 177    106.11 
188 199    100.32 
188 200    164.12 
189 178     85.44 
189 188    118.80 
189 200    109.30 
190 178    126.37 
190 189     85.36 
190 210    191.44 
191 192    107.18 
191 201    120.95 
192 181    130.49 
192 193     98.80 
192 202     98.79 
193 192     98.80 
193 194    217.18 
193 203    104.03 
194 183     97.79 
194 193    217.18 
194 204    103.95 
195 183    142.31 
195 184    129.00 
195 194     99.60 
195 196    123.32 
195 204    135.66 
195 205     89.59 
195 206    148.27 
196 185    109.37 
196 195    123.32 
196 197    104.02 
196 206    108.60 
197 198     97.30 
197 206    139.63 
198 197     97.30 
198 199    216.97 
198 207    115.58 
199 198    216.97 
199 208    115.09 
200 188    164.12 
200 189    109.30 
200 209    103.89 
201 191    120.95 
201 202    102.11 
202 201    102.11 
202 203    108.25 
203 193    104.03 
203 202    108.25 
203 204    208.31 
204 195    135.66 
204 203    208.31 
204 205    110.23 
205 206    106.79 
206 196    108.60 
206 207    213.15 
207 206    213.15 
207 208    204.08 
208 199    115.09 
208 209    116.78 
209 200    103.89 
209 208    116.78 
210 200    151.85 
210 209    107.92 